-0.011604647152125835
0.12190647423267365
-0.037004370242357254
-0.1643468290567398
0.12979118525981903
0.06983406096696854
-0.18721017241477966
-0.5966148972511292
-0.3345872759819031
0.02705143392086029
-0.2576026916503906
0.14841574430465698
-0.1414526253938675
-0.09542425721883774
0.3808593451976776
-0.09366071969270706
-0.0766943171620369
0.4149015545845032
-0.8442814946174622
0.13062995672225952
0.03621513023972511
0.36741599440574646
-0.16827069222927094
-0.367887407541275
0.1910492330789566
0.15942798554897308
-0.05437701568007469
0.008581089787185192
0.018778948113322258
0.09684264659881592
0.04276368394494057
0.2880062162876129
0.06114982068538666
-0.0833253264427185
0.24966201186180115
0.16367143392562866
-0.027462342754006386
-0.2544216811656952
-0.07559176534414291
0.06994961202144623
-0.09091167896986008
0.09718463569879532
0.3333551585674286
-0.020075585693120956
-0.2579202651977539
-0.13310854136943817
0.3549691140651703
-0.3690258860588074
0.020386094227433205
-0.07701262831687927
0.11186786741018295
-0.074693962931633
0.2378968596458435
0.11998722702264786
-0.5982879400253296
-0.4441163241863251
-3.958324668928981e-05
-0.3294505774974823
-0.40954816341400146
-0.2839150130748749
-0.35124465823173523
-0.09568250924348831
-0.03316907584667206
0.2570692002773285
-0.14366233348846436
0.08783893287181854
0.12039905786514282
-0.20823821425437927
0.2729470431804657
-0.1181168481707573
-0.14779894053936005
-0.42834413051605225
-0.49567729234695435
-0.43066486716270447
-0.4309687912464142
-0.5599777698516846
-0.3675892949104309
-0.5757143497467041
-0.40976405143737793
0.079969123005867
0.05847839638590813
-0.007266514468938112
0.04910638928413391
0.10519983619451523
0.09739739447832108
0.1391448825597763
0.11985184997320175
-5.516802048077807e-05
0.10934296250343323
0.13663971424102783
0.02437014691531658
-0.02184242010116577
0.10597684234380722
0.2398674488067627
0.02741050347685814
-0.7207096815109253
-0.29430219531059265
-0.016777275130152702
-0.1316261887550354
0.060814183205366135
-0.011915767565369606
0.3009466528892517
0.05791286751627922
-0.013517660088837147
0.04229059815406799
0.2819831073284149
-0.20599700510501862
-0.046518366783857346
-0.1773495376110077
-0.33811455965042114
-0.4308958053588867
0.06971906125545502
-0.10379555821418762
-0.7590748071670532
0.3058767318725586
0.22473226487636566
-0.15338134765625
0.2483389675617218
-0.032333940267562866
0.1865653693675995
0.10879498720169067
0.13556751608848572
0.23725028336048126
0.06289494782686234
0.14191259443759918
-0.04549551010131836
-0.43825939297676086
0.20216326415538788
-0.31123626232147217
0.06303165853023529
0.09056590497493744
0.35496026277542114
0.26676473021507263
0.1680029332637787
0.2697984576225281
0.10063043981790543
-0.028225375339388847
0.235636904835701
0.008900275453925133
0.17269466817378998
0.1106536015868187
-0.8424991369247437
0.13002127408981323
0.04743882268667221
0.09198001027107239
-0.21111123263835907
0.46831241250038147
0.0005315070739015937
0.02375708520412445
0.031392328441143036
0.23765593767166138
-0.3931116759777069
-0.01606614515185356
0.148879274725914
0.19972436130046844
-0.21792231500148773
-0.081020787358284
0.26210883259773254
-0.025820095092058182
0.1317470222711563
-0.5837991237640381
0.16832990944385529
0.2584419846534729
0.042832519859075546
0.06721284240484238
0.13454988598823547
0.01776169240474701
0.022509697824716568
0.1276310682296753
-0.11736152321100235
-0.13798575103282928
0.3348338305950165
0.09833008050918579
-0.14744225144386292
-0.49716588854789734
-0.14452169835567474
-0.04993815720081329
0.07317265123128891
-0.4026564061641693
-0.02753862366080284
-0.17632745206356049
0.20471437275409698
-0.3136863708496094
-0.054864879697561264
0.23446668684482574
-0.38204678893089294
0.08692651987075806
0.11687358468770981
-0.17536327242851257
0.010460544377565384
0.4501466751098633
0.5293450951576233
-0.34256768226623535
-0.012307176366448402
0.42851969599723816
0.02308022417128086
0.11130256950855255
-0.09863491356372833
0.0832638293504715
0.25774791836738586
0.23390839993953705
0.049245938658714294
0.11145157366991043
-0.09859572350978851
-0.8833727836608887
0.26120907068252563
0.02070743218064308
-0.04320250451564789
0.12491877377033234
0.039791449904441833
0.3046921491622925
0.13998301327228546
0.17831292748451233
0.22124959528446198
-1.4174842834472656
-0.24420350790023804
-0.07270753383636475
0.0447586327791214
-0.2182101458311081
0.1421804577112198
-0.3147266209125519
-0.49862343072891235
-0.6027311086654663
-0.14640969038009644
-0.8402774930000305
0.16434933245182037
-0.463547021150589
-0.32000768184661865
-0.7810606956481934
-0.09832905977964401
0.42913228273391724
0.33073216676712036
0.07156114280223846
0.22842304408550262
0.38447102904319763
-0.8665468096733093
-0.26278257369995117
0.13832999765872955
-0.12292955815792084
0.22210697829723358
-0.8461140394210815
0.2986736595630646
-0.200698584318161
-0.06136224418878555
0.19583840668201447
0.20095323026180267
0.07568289339542389
-0.3180004060268402
0.2472989708185196
-0.0129440538585186
-0.9523484706878662
0.10343584418296814
0.24946360290050507
-0.03564247861504555
0.20134560763835907
-0.3929404318332672
0.013323293067514896
0.14754965901374817
-0.023426301777362823
0.06985264271497726
-0.4483233690261841
-0.10565857589244843
-0.2826600968837738
-0.1049731969833374
0.12561951577663422
0.2158833146095276
0.2739194631576538
-0.7646787166595459
0.05898081883788109
-0.042990729212760925
0.2475452721118927
0.3348107635974884
-0.03184497728943825
0.29857149720191956
0.6616899371147156
0.05134133622050285
0.08375483751296997
-0.31685131788253784
-0.17707692086696625
0.1605241745710373
-0.052970048040151596
-0.14392569661140442
-0.08326389640569687
-0.029450103640556335
-0.14132653176784515
-0.3197616636753082
0.22561675310134888
-0.10251162201166153
0.04070168361067772
-0.023273851722478867
0.32468777894973755
-0.22158491611480713
-0.26741597056388855
-0.038003064692020416
-0.005517130717635155
-0.06079753488302231
0.0066006481647491455
-0.11341506242752075
0.17712421715259552
0.024360906332731247
0.12604646384716034
-0.20771627128124237
0.0215412899851799
0.20616845786571503
-0.04845297709107399
-0.20502743124961853
0.08033957332372665
-0.040658824145793915
-0.5144248604774475
0.12716327607631683
0.22209036350250244
0.13381606340408325
0.023042887449264526
0.16271576285362244
-0.34472283720970154
-0.06291411817073822
0.08334764838218689
-0.01448852103203535
-0.05932190269231796
0.43988656997680664
-0.1351826936006546
0.17318026721477509
0.2699178159236908
0.18311947584152222
0.03636714443564415
0.16906166076660156
0.07823241502046585
-0.11469209939241409
0.11331744492053986
0.05951094999909401
-0.007289148401468992
0.22695565223693848
0.15204426646232605
-0.4584328532218933
-0.03702444210648537
0.13355953991413116
-0.0035791443660855293
0.023516926914453506
-0.016974618658423424
0.0060547953471541405
-0.07999754697084427
0.2253788709640503
-0.39054590463638306
-0.058453742414712906
-0.002231614664196968
-0.22936223447322845
0.058436159044504166
-0.04762868210673332
-0.19485807418823242
-0.12575136125087738
0.3049613833427429
0.09144522249698639
-0.4606831967830658
0.3016567528247833
-0.10134921967983246
0.2227082997560501
-0.1482190638780594
0.02573232911527157
0.17215830087661743
-0.017945855855941772
0.0204777754843235
0.13753962516784668
-0.037141598761081696
-0.06398668885231018
-0.13489967584609985
0.04940270259976387
-0.13561025261878967
-0.18139992654323578
0.3713192939758301
-0.34236031770706177
0.2630596160888672
0.31025320291519165
0.14809724688529968
0.20388217270374298
0.257871150970459
0.08407006412744522
0.03818093240261078
-0.021289579570293427
-0.11364534497261047
-0.05910060182213783
-0.19075824320316315
-0.7242008447647095
-0.12469612807035446
0.0730704665184021
-0.07734847068786621
0.13959309458732605
0.21223776042461395
0.02132236585021019
0.3416275680065155
0.2485930621623993
-0.06621020287275314
-0.4295441806316376
-0.38649865984916687
0.04827337712049484
-0.9382194876670837
-0.26501554250717163
-0.4796694219112396
-0.9112966656684875
-0.24462617933750153
-0.0855499655008316
-0.6838164329528809
-0.5324496626853943
-0.3527294993400574
0.02261568419635296
-0.5991814732551575
-0.7642213106155396
-1.0424691438674927
-0.5805734992027283
-0.544675350189209
-0.9810267090797424
-0.4076380133628845
-0.5793709754943848
-0.3296014070510864
-0.7421162128448486
-0.2727730870246887
-0.04473114386200905
-0.35055702924728394
0.00881461426615715
-0.7607959508895874
-0.1305505931377411
0.17871512472629547
0.11727950721979141
-0.5804197192192078
-0.2349577397108078
0.18040719628334045
-1.1290521621704102
-3.5652592182159424
-1.4599896669387817
0.13769133388996124
-1.825730800628662
-1.2867493629455566
0.5153874158859253
-0.9109522104263306
-1.3597289323806763
-0.24203601479530334
0.06680336594581604
0.0468621701002121
0.031697846949100494
-1.0698018074035645
-0.8176642656326294
-0.1141129657626152
0.02333003655076027
0.06654227524995804
0.29687151312828064
0.06733934581279755
0.01713002659380436
0.10518453270196915
-1.1169575452804565
0.27649006247520447
0.026232216507196426
0.390033096075058
-0.03208132088184357
0.12260114401578903
-0.01945757307112217
-0.11854612827301025
-0.079012431204319
-0.2623206377029419
-0.0021600075997412205
-0.04777589440345764
0.12661921977996826
-0.7520911693572998
0.2823925018310547
0.26021626591682434
0.008769504725933075
-0.035062938928604126
0.04885716363787651
-0.1335754543542862
0.034434858709573746
-0.769546389579773
0.16370344161987305
0.023784954100847244
0.3067284822463989
0.167243093252182
-0.10174799710512161
-0.06002515181899071
-0.7285045385360718
-0.968485414981842
-0.5474202632904053
0.2909089922904968
0.07260765880346298
-1.026071310043335
0.09840613603591919
0.10296069830656052
0.07721124589443207
0.021873999387025833
0.19380970299243927
0.050467029213905334
0.28566262125968933
0.1447725147008896
-0.048762403428554535
-0.5278780460357666
-0.041812121868133545
0.1288493424654007
0.05975402891635895
0.02323211543262005
0.13233178853988647
0.09393792599439621
0.18556344509124756
0.224241241812706
0.14575210213661194
-0.03646450862288475
0.3999139368534088
-1.6125718355178833
0.18617480993270874
-0.1863792985677719
0.13685810565948486
0.14275045692920685
0.05128675699234009
0.29999738931655884
0.14248885214328766
0.026968084275722504
0.42328277230262756
-0.4537709653377533
-0.22879928350448608
-0.06868226826190948
0.17339813709259033
0.12410435825586319
-0.19894494116306305
0.014543223194777966
-0.5896400213241577
0.19353237748146057
0.6605216264724731
0.18561825156211853
0.07313539832830429
-0.03214608132839203
-0.013379190117120743
-0.008335479535162449
0.14824268221855164
0.3784383237361908
0.27316194772720337
-0.18574222922325134
-0.10108183324337006
-0.12165094912052155
0.054154012352228165
0.17801356315612793
0.10217940807342529
-0.11653746664524078
0.08609065413475037
-0.4885270595550537
-0.12794853746891022
0.07666118443012238
0.3621422052383423
0.0772598534822464
-0.07832692563533783
0.14066773653030396
0.014697128906846046
0.07657067477703094
0.05720878019928932
0.2052554339170456
-0.1678204983472824
0.020753754302859306
0.22488591074943542
0.25335076451301575
0.06655152142047882
0.1258857250213623
0.022546380758285522
0.10603019595146179
-0.007827041670680046
0.019888103008270264
0.09872511774301529
0.01064933929592371
-0.5367847084999084
-0.23768898844718933
0.1694587767124176
0.04719759151339531
0.16158157587051392
-0.021595805883407593
0.190713033080101
0.32960045337677
-0.13155943155288696
-0.03622202202677727
-0.6848233938217163
0.32531750202178955
0.30494359135627747
0.19849155843257904
0.11489207297563553
-0.0008780454518273473
0.2352779358625412
-0.3903394043445587
0.02200373448431492
-0.08343840390443802
-0.006082913372665644
0.03805096074938774
-0.02330770716071129
-0.0062740761786699295
-0.21568964421749115
0.15989208221435547
0.038185372948646545
0.2558024227619171
0.07176139950752258
-0.3062482476234436
0.04516622796654701
-0.09856779128313065
0.06510747224092484
0.04641975089907646
0.054013706743717194
0.050183944404125214
0.26270952820777893
0.3034062683582306
0.0669500082731247
0.24747639894485474
0.09172402322292328
0.3113054633140564
0.007464495487511158
-0.0932905375957489
-0.3048602342605591
-0.6360395550727844
-0.07862139493227005
-0.08693654090166092
-0.005033354740589857
-1.0381442308425903
-0.7397567629814148
0.30868208408355713
0.14656835794448853
0.19363078474998474
0.13996125757694244
0.1341237723827362
0.15030492842197418
-0.9039086103439331
0.2030184417963028
0.10504862666130066
-0.2696720063686371
-0.14714103937149048
0.019675353541970253
0.09853723645210266
0.25131794810295105
0.31278669834136963
0.40625134110450745
0.1952856183052063
-0.2744350731372833
0.19447270035743713
-0.22364646196365356
-0.4203539490699768
0.21878935396671295
-0.3869490623474121
0.2494279146194458
-0.037187494337558746
0.2769226133823395
-0.008187675848603249
0.06447413563728333
0.1545843482017517
0.3409789502620697
-0.22363419830799103
-0.7814847230911255
0.11001545935869217
0.2019931524991989
0.17394225299358368
0.08176077157258987
0.11326104402542114
-0.2526785731315613
0.03693826124072075
-1.0170401334762573
0.12301657348871231
-0.07117144763469696
0.2514069080352783
0.006377182435244322
0.21353398263454437
0.03088967688381672
0.09961631149053574
0.061292123049497604
0.10711284726858139
0.09732933342456818
-0.32955169677734375
-0.38655754923820496
0.2805197834968567
0.2800198793411255
-0.05186944454908371
0.3166967034339905
0.2610625922679901
-0.09380382299423218
-0.07963003218173981
-0.2581500709056854
0.24274785816669464
0.1154690533876419
-0.5056080222129822
-0.36212897300720215
-0.07216399163007736
0.41611385345458984
0.2174578160047531
0.05205252394080162
0.09954985231161118
-0.018824081867933273
-0.9449808597564697
-0.8587896227836609
-0.5682011246681213
-0.4197080135345459
-0.21665820479393005
-0.42388302087783813
0.1115705668926239
0.20156677067279816
0.1701512187719345
-0.28069785237312317
0.2108871191740036
0.13446711003780365
0.15235574543476105
0.10717862099409103
0.11582271754741669
0.2237752228975296
-0.16586245596408844
0.041616976261138916
0.0015896691475063562
-0.3138352632522583
-0.062107235193252563
-0.14927226305007935
0.026128968223929405
0.3515070080757141
0.028292199596762657
0.16207921504974365
-1.3231581449508667
0.131781205534935
0.3832149803638458
-0.33018776774406433
-0.07730520516633987
0.19866709411144257
0.42641663551330566
0.26137402653694153
0.1792035847902298
0.20571105182170868
0.3982292115688324
0.0062023005448281765
-0.15167412161827087
-0.6536215543746948
0.16404980421066284
0.28940919041633606
0.14948366582393646
0.04989416152238846
-0.023045921698212624
0.1670968383550644
0.2560778558254242
-0.5972885489463806
-0.0904298648238182
-0.38847535848617554
-0.06642312556505203
0.14485815167427063
-0.46690377593040466
-0.7147244215011597
0.29148563742637634
-0.300652414560318
-0.6522176861763
0.032508883625268936
-0.06939691305160522
0.2457457333803177
0.24102641642093658
0.1368659883737564
0.07816733419895172
0.08081447333097458
0.04893698915839195
0.17674659192562103
0.29574674367904663
0.1889013797044754
0.07987286895513535
0.11968933045864105
0.056005433201789856
-0.1192338690161705
-0.4154222309589386
-0.05461104214191437
0.0786956399679184
-0.10828229039907455
0.15595903992652893
-0.022883232682943344
-0.032548688352108
-0.9481638669967651
0.5423582196235657
0.11079201102256775
0.09923794120550156
0.023961208760738373
0.03964569419622421
0.032250627875328064
0.15605685114860535
-0.07802559435367584
0.050113555043935776
-0.5206664800643921
-0.14735530316829681
0.14008140563964844
-0.03932758793234825
0.23099754750728607
0.026051446795463562
0.08336184173822403
0.1863047182559967
-0.468525767326355
-0.07933955639600754
0.08119665086269379
0.34728845953941345
0.07856034487485886
0.10935003310441971
-0.015971852466464043
0.34122511744499207
0.4416326582431793
-1.1076152324676514
0.14022894203662872
0.06566936522722244
0.021022703498601913
0.1016046479344368
-0.04078473895788193
0.08140891790390015
0.06051615625619888
-0.18253688514232635
-0.8006499409675598
-1.3174580335617065
0.06783360242843628
-1.4531999826431274
0.35569170117378235
0.2794908285140991
0.02083251066505909
0.14882317185401917
0.04787251725792885
0.06746705621480942
-0.515786349773407
-0.3705608546733856
0.11088775098323822
-0.08650767803192139
-0.5516502261161804
0.32239311933517456
0.03985735774040222
0.06148200109601021
0.10361415147781372
0.2009216547012329
0.021230045706033707
-0.6786453127861023
-0.2029021829366684
-0.10992230474948883
-1.0993038415908813
-0.10647264122962952
0.1186218336224556
0.18025782704353333
0.122583769261837
0.16345272958278656
0.26984530687332153
0.44168728590011597
-0.05410709232091904
0.17899596691131592
-0.8178406953811646
-0.7399007081985474
-0.18111009895801544
-0.0897684171795845
0.05915168672800064
0.03292229026556015
0.23923151195049286
0.13173003494739532
-0.6402173042297363
0.2384970337152481
-0.37676605582237244
-0.24667297303676605
-0.6656797528266907
0.11251704394817352
0.05941074714064598
-0.6788920164108276
-0.9590645432472229
-0.6607234477996826
-0.5848684310913086
-0.08627583086490631
-0.10993631929159164
0.07937388867139816
-0.5956510901451111
0.039289411157369614
-0.4408441185951233
-0.9402240514755249
-0.6246113777160645
-0.3310529291629791
-0.7915860414505005
-0.590997576713562
0.441273957490921
0.5138417482376099
0.858045220375061
0.27321770787239075
-0.29112914204597473
1.050829529762268
-2.915114641189575
0.9447034001350403
-1.9579118490219116
-0.35932111740112305
-0.29840415716171265
0.1967674344778061
0.9183561205863953
0.25534576177597046
-1.0358831882476807
-3.1440553665161133
1.1614112854003906
0.5732607245445251
-2.3695547580718994
0.9386509656906128
-0.08508720248937607
0.28152722120285034
0.16995076835155487
-1.5871328115463257
-0.011122919619083405
0.06835257261991501
0.24486839771270752
0.24068298935890198
0.4187491834163666
0.22061890363693237
0.3503292202949524
0.11304540932178497
-0.10357917845249176
-1.468783974647522
-0.07184086740016937
0.0946887955069542
-0.2491326630115509
-0.03521005064249039
0.10105937719345093
0.09535583853721619
0.1889062225818634
0.28790590167045593
0.3121494650840759
-0.17854776978492737
-0.09655779600143433
0.01780634932219982
0.1690577119588852
0.13659217953681946
0.42226698994636536
0.1796288788318634
0.3449676036834717
0.18821260333061218
-0.18434591591358185
-0.5159829258918762
-0.2771754562854767
0.1052842065691948
0.14077745378017426
0.07844539731740952
0.14163576066493988
0.14574359357357025
0.29895535111427307
0.4465327262878418
-0.01905202306807041
-0.16508547961711884
-0.06285721063613892
0.0889977365732193
0.13484685122966766
0.10649362206459045
0.3382514715194702
0.17104128003120422
0.21868635714054108
-0.34310510754585266
-0.09978979825973511
-0.14601802825927734
0.034111324697732925
0.2826547622680664
-0.08438938856124878
-0.17308492958545685
0.19739152491092682
-0.20999421179294586
0.14071333408355713
0.44552284479141235
0.1596699357032776
0.12532395124435425
-0.13244257867336273
0.3641568422317505
0.0677625983953476
0.06108756363391876
-0.2122073769569397
-0.1838100254535675
-0.5951857566833496
0.1666709929704666
0.18279632925987244
0.2115171104669571
-0.20936737954616547
-0.1158611997961998
-0.04773428663611412
-0.21620221436023712
-0.7514989972114563
-0.48214080929756165
-0.6305108070373535
0.1479337364435196
0.19000348448753357
-0.0694727972149849
0.011360866948962212
-0.3950026035308838
-0.1286349892616272
0.1361793577671051
0.09765742719173431
-0.058808621019124985
0.01724862866103649
0.08150987327098846
0.16257937252521515
0.01648315042257309
-0.021828588098287582
0.1419093906879425
0.21881918609142303
0.10584613680839539
0.21985895931720734
0.05938345566391945
-0.12218469381332397
0.389116108417511
0.14571653306484222
0.19082210958003998
-0.5008141994476318
0.1689276546239853
0.06395061314105988
-0.16761857271194458
-0.0008620854932814837
-0.19087673723697662
0.18398739397525787
-0.06848838180303574
-0.2468508780002594
-0.8425273299217224
-0.5193437933921814
0.2031363546848297
0.1787421703338623
-0.11190535873174667
0.10582967847585678
-0.0981493890285492
0.11794494092464447
0.12877273559570312
0.15729402005672455
0.2353491485118866
-0.2608957290649414
0.23218199610710144
0.017333585768938065
-0.17817798256874084
0.40353894233703613
-0.17468807101249695
-0.13243956863880157
0.15182188153266907
0.0673302561044693
0.09795521199703217
-0.3411900997161865
0.19578556716442108
0.06467907130718231
-0.1780533641576767
-0.1487056165933609
-0.3943132162094116
-0.17069628834724426
0.27527227997779846
0.1225440576672554
0.15363618731498718
-0.6355121731758118
0.2309449017047882
-0.05835956335067749
-0.06330737471580505
-0.11579224467277527
-0.45715731382369995
-0.14481036365032196
0.11016871780157089
0.05194621533155441
0.12558817863464355
-0.567440927028656
0.22097957134246826
0.192862406373024
0.2128320187330246
0.06088734790682793
-0.3392808437347412
-0.03028116375207901
-0.06703323125839233
0.2629458010196686
0.35222548246383667
0.15720675885677338
-0.23472270369529724
0.14566674828529358
0.04079393297433853
0.3222818970680237
0.0674666166305542
-0.8678987622261047
0.05021800100803375
0.02163374423980713
0.07959197461605072
0.004124897066503763
0.366717666387558
-0.13671079277992249
0.04320548474788666
0.2580099403858185
0.06929649412631989
-0.07647504657506943
0.1275624781847
0.10462362319231033
0.35997095704078674
-0.0325281135737896
-0.8047106862068176
-0.003194869961589575
0.11347054690122604
0.23830273747444153
0.11363914608955383
0.2740446925163269
-0.17517292499542236
-0.2715546786785126
0.10652083158493042
-0.026470016688108444
-0.5856012105941772
-0.03917921707034111
0.06581341475248337
-0.13243824243545532
-0.009882920421659946
0.23006485402584076
0.09360627084970474
-0.11227197200059891
-1.0097110271453857
-0.15037815272808075
0.23120296001434326
-0.06709805876016617
0.009426001459360123
0.38114550709724426
0.08465538918972015
0.32280799746513367
-0.31618738174438477
-0.03250586986541748
-0.2144714891910553
0.0033532031811773777
-0.6046441197395325
-0.014696748927235603
0.11098377406597137
0.10832460224628448
-0.09525685757398605
0.3354308307170868
0.1798090636730194
0.1642995923757553
0.2158990055322647
-0.21338815987110138
-0.22292891144752502
0.13169775903224945
-0.7660037875175476
0.18011444807052612
0.3471508324146271
0.02301033027470112
0.12483298033475876
0.23907117545604706
0.0126126604154706
-0.06218362972140312
0.058842938393354416
-0.1550251990556717
-0.05571066960692406
0.15241768956184387
0.006762037519365549
-0.07748019695281982
0.16130122542381287
0.18622522056102753
0.006626890040934086
-0.24939225614070892
0.19669699668884277
0.009654543362557888
-0.284974604845047
0.08301728963851929
-0.13962604105472565
-0.5018585920333862
0.14186003804206848
0.2904226779937744
0.05023176595568657
-0.12684129178524017
0.14799058437347412
0.04516836628317833
-0.2540616989135742
0.18607555329799652
0.2528197467327118
-0.4843871593475342
0.33127522468566895
0.24612486362457275
0.2850499153137207
0.23573948442935944
0.39691731333732605
0.029016468673944473
-0.06525079905986786
0.35433876514434814
-0.2455202043056488
0.08215198665857315
0.03003505803644657
0.1407860815525055
0.15959715843200684
0.17171896994113922
-0.14063453674316406
0.32143568992614746
0.0192156583070755
-0.1710691750049591
-0.07734691351652145
-0.48026394844055176
-0.03469446673989296
-0.8789956569671631
-0.08479149639606476
-0.04571819305419922
-0.23970741033554077
-0.6297735571861267
-0.28800445795059204
-0.2690042555332184
-0.6455411314964294
0.08791324496269226
0.16959963738918304
0.17525628209114075
0.31419089436531067
-0.012666395865380764
0.0393228605389595
-0.1972261667251587
0.2755216062068939
0.30289384722709656
0.1883590817451477
0.02544380910694599
0.1304284930229187
0.12020531296730042
-0.14874468743801117
-0.1742837280035019
0.10019481182098389
0.24827222526073456
-0.13473206758499146
-0.5724887847900391
-0.00042970216600224376
0.021179864183068275
0.07845059782266617
0.01073583122342825
0.09094854444265366
0.10058433562517166
0.019165148958563805
0.1566239893436432
0.0834304466843605
0.05892518162727356
0.0983089879155159
0.168809711933136
0.124415822327137
-0.11737994104623795
-0.7416349649429321
0.3006342947483063
-0.1570674180984497
-0.41631120443344116
0.08038602024316788
0.2106962352991104
0.15986718237400055
0.0814376249909401
-0.0849112868309021
-0.35074135661125183
-0.17277544736862183
0.16953711211681366
0.12760475277900696
0.07318326830863953
0.19716759026050568
0.33123132586479187
0.21008282899856567
0.05377768352627754
-0.07387710362672806
-0.49606460332870483
0.07600998133420944
0.08703267574310303
-0.254300594329834
-0.02232397347688675
0.1543475240468979
-0.17337247729301453
0.04578063264489174
0.1378381997346878
-0.40511226654052734
0.24361813068389893
0.09461218863725662
0.03907155990600586
-0.12895110249519348
0.18989676237106323
0.08787291496992111
-0.06909096240997314
0.2305174171924591
0.15123532712459564
0.12998557090759277
-0.06254751980304718
-0.028172772377729416
0.04314056411385536
-0.0035710535012185574
-0.2714347243309021
0.11636451631784439
-0.010321722365915775
-0.3412531316280365
0.08460072427988052
0.04046350345015526
0.03168972581624985
0.020611176267266273
-0.009187641553580761
0.05973749980330467
0.19368533790111542
0.27576735615730286
0.23385341465473175
0.12555572390556335
0.07808935642242432
0.2055947482585907
-0.4032137095928192
-0.023436017334461212
-0.261698842048645
0.14216673374176025
0.005863340105861425
0.049480464309453964
-0.006620415020734072
0.001483916537836194
-0.08253922313451767
0.121735118329525
0.15869653224945068
0.1880977302789688
0.0021343703847378492
0.11407022923231125
0.21373389661312103
0.1811281442642212
0.09981190413236618
0.1011284813284874
-0.019125118851661682
-0.4554883539676666
-0.4415504038333893
-0.2789217233657837
-0.15795500576496124
-0.6167762279510498
-0.3235258460044861
-0.4526055157184601
-0.133613720536232
-0.12446656078100204
-0.6819872260093689
-0.3355594873428345
-0.7109367251396179
-0.11377622187137604
-0.26460886001586914
-0.2818894386291504
-0.546657383441925
-0.5600212812423706
-0.4948582053184509
-0.7055696845054626
-0.6483334898948669
0.8786938786506653
-0.8861073851585388
-0.3205937147140503
0.46883657574653625
0.6687942147254944
0.6771088242530823
1.22706139087677
-1.0381873846054077
0.18363521993160248
1.5697379112243652
0.409954696893692
0.7737020254135132
-0.6263716220855713
-0.23606713116168976
-0.4494685232639313
0.43551766872406006
-1.2362756729125977
-0.9743039011955261
1.1561267375946045
0.8818493485450745
0.03730655834078789
-0.17482686042785645
0.11510741710662842
-0.006999410688877106
0.043304141610860825
-0.07371900230646133
0.14038221538066864
-0.02026444673538208
-0.301737904548645
0.0557389110326767
-0.07917214930057526
-0.1336056888103485
0.2356792837381363
0.03768407553434372
-0.07855875045061111
-0.5539676547050476
0.29841113090515137
0.18004390597343445
0.24106250703334808
0.25658127665519714
0.18227015435695648
-0.6477340459823608
-0.41622477769851685
0.4248976707458496
0.2122737616300583
0.23221392929553986
0.19841748476028442
0.16017180681228638
0.037267062813043594
-0.2730304002761841
-0.7536829113960266
0.4076372981071472
0.025955090299248695
0.17204540967941284
0.16028672456741333
-0.019644664600491524
0.020949700847268105
0.11482182890176773
-0.5177236199378967
-0.06900954991579056
-0.3202299475669861
0.22180266678333282
0.16333962976932526
0.0512256920337677
0.0573633648455143
0.05219883471727371
-0.004612679593265057
-0.24987725913524628
-0.019083509221673012
0.09043858200311661
0.1833048164844513
-0.043148528784513474
-0.16461312770843506
-0.1349930316209793
0.44519177079200745
-1.0095789432525635
-0.04326111078262329
0.48779600858688354
0.18866373598575592
0.0616401769220829
-0.19568531215190887
-0.24563130736351013
-0.028074968606233597
-0.5497968196868896
0.5558205246925354
-0.015026837587356567
-0.03169708326458931
-0.129424586892128
-0.048945359885692596
0.34299588203430176
0.06195354834198952
-0.4951728880405426
-0.13967439532279968
-0.33594074845314026
-0.04116492718458176
0.12211725115776062
0.04348352178931236
-0.5827305316925049
-0.38319361209869385
-0.1000797376036644
-0.16444800794124603
-0.06016574427485466
-0.03167083486914635
0.09010206907987595
-0.12748382985591888
-0.0418984554708004
0.09077981114387512
-0.6994397044181824
-0.6677045226097107
-0.10900325328111649
-0.07871784269809723
-0.04039035364985466
-0.08497270941734314
-0.05235995352268219
0.2497655153274536
0.4265855550765991
0.07179389148950577
0.5218454003334045
-0.17048379778862
-0.14713701605796814
-0.3759375810623169
-0.3435489535331726
-0.2407359927892685
-0.008587026037275791
-0.15930844843387604
-0.04315439984202385
0.22653867304325104
0.13871990144252777
-0.3088403642177582
-0.1384432017803192
-0.23069413006305695
0.2626458704471588
0.767257571220398
-0.6170790791511536
0.16781030595302582
-0.04553760960698128
-0.04306423291563988
-0.024761255830526352
0.040193576365709305
0.014502991922199726
0.3522409498691559
-0.3284675180912018
0.060940198600292206
0.07444706559181213
0.02330390363931656
-0.0583033449947834
0.0881526991724968
0.058680105954408646
0.020188352093100548
0.1388993114233017
0.06335730105638504
-0.11231395602226257
0.06906125694513321
0.11462051421403885
-0.05051489919424057
-0.10477910190820694
0.34032759070396423
0.07535074651241302
0.09936361014842987
-0.002864972222596407
0.030996425077319145
-0.018135054036974907
0.12809127569198608
-0.6919093728065491
-0.1844758242368698
-0.07428497076034546
0.07378017157316208
0.05113963410258293
-0.060163792222738266
0.0409134142100811
0.23941145837306976
0.23750285804271698
-0.09444762766361237
0.04557853192090988
0.07848741859197617
0.11313016712665558
-0.07011223584413528
-0.2926581799983978
-0.13381820917129517
0.43744370341300964
-0.020096641033887863
0.19377179443836212
0.0551203191280365
-0.07197944819927216
-0.021335307508707047
0.2270556092262268
-1.1915249824523926
0.45398423075675964
-0.3850069046020508
0.18487700819969177
0.03576865419745445
0.0037065730430185795
-0.026833955198526382
-0.6872949600219727
-1.0020846128463745
0.5905609130859375
0.23861216008663177
-0.9619333148002625
0.34496936202049255
0.18311716616153717
-0.19672445952892303
-0.09553239494562149
0.28557541966438293
0.19701404869556427
-0.10916755348443985
-0.9906099438667297
-0.6441346406936646
-0.13326744735240936
-0.1860232800245285
0.006651792209595442
0.2359609603881836
0.0955473855137825
0.38420870900154114
-0.04186904430389404
-0.1824973076581955
-0.25464928150177
-0.4407925307750702
-0.4319981634616852
-0.9210866093635559
-0.11207003891468048
-0.2664141058921814
0.744652271270752
0.09829074889421463
-0.060611505061388016
-0.2433607429265976
-0.1519860476255417
0.1444110870361328
0.24440820515155792
0.6434184312820435
-0.2025739997625351
-0.4553719162940979
0.04015455022454262
-0.14341185986995697
-0.3330322504043579
0.484361857175827
-0.19653986394405365
-0.26773330569267273
0.4227932393550873
-0.290494829416275
-0.47224676609039307
-0.14189103245735168
-0.031183049082756042
-0.22892442345619202
0.28537672758102417
0.1269097775220871
-0.4704624116420746
-0.1887054741382599
-0.6668728590011597
0.03541024029254913
0.10113919526338577
0.07640687376260757
0.006074141710996628
0.17909616231918335
0.11693067103624344
-0.3161117434501648
-0.003031235421076417
0.014561842195689678
0.1304042637348175
-0.05182884633541107
0.19645285606384277
0.6470810174942017
0.2836187779903412
-0.1353279948234558
-0.34772729873657227
-0.3031793236732483
-0.16899876296520233
0.5232582688331604
0.6109804511070251
-0.6206218004226685
0.46763452887535095
0.11000552773475647
-0.01538777444511652
-0.2678985893726349
-0.2903514802455902
0.19994302093982697
0.1886436492204666
-0.7888036966323853
-0.6195782423019409
-0.5470225811004639
-0.0013007817324250937
-0.34129154682159424
-0.5319101214408875
-0.21376533806324005
-0.4829639494419098
-0.4033180773258209
-0.5544452667236328
-0.28706756234169006
-0.15169589221477509
-0.10369329899549484
-0.37731418013572693
-0.08627967536449432
-0.35595667362213135
-0.5007685422897339
0.20912747085094452
0.091644287109375
0.07394684106111526
-2.1881120204925537
0.43874025344848633
0.12140440940856934
-1.8376532793045044
0.21500180661678314
0.2447662651538849
0.09410498291254044
-1.7749191522598267
-1.352481722831726
-1.2208521366119385
-0.31850963830947876
0.31397998332977295
-2.0246665477752686
-0.1029975637793541
-0.21667997539043427
-2.159754514694214
-3.3261373043060303
-3.327956438064575
-0.21613705158233643
-0.17855899035930634
-0.07992328703403473
-0.2806473672389984
-0.28123530745506287
-0.29581183195114136
-0.7289133071899414
-0.5023431777954102
-0.24922583997249603
-0.3145642578601837
-0.39164161682128906
-0.15137621760368347
-0.3305465579032898
0.1593448966741562
0.6360863447189331
0.6155520677566528
-0.18806062638759613
1.033358097076416
-0.037232790142297745
-9.547518730163574
0.092557892203331
0.004851935897022486
-0.0031350040808320045
-0.12173084914684296
0.05434942618012428
0.03805079683661461
-0.000621999497525394
0.025878198444843292
-0.016658805310726166
-0.039388157427310944
1.2060399055480957
0.5632997751235962
-2.1281797885894775
-4.60394811630249
-1.9834139347076416
-1.7603548765182495
-0.9516010880470276
0.20299148559570312
0.16508564352989197
0.07359347492456436
0.185734361410141
0.20421117544174194
0.2980598211288452
0.38228124380111694
0.7365298867225647
0.4469022750854492
0.3039698302745819
0.17739959061145782
-3.852034091949463
-1.5962121486663818
-0.4176734685897827
-1.504460096359253
-3.0924506187438965
-3.840752363204956
0.2798270583152771
0.2896360158920288
0.96778404712677
-0.030010109767317772
-0.12227893620729446
-0.20037998259067535
0.0845055878162384
0.5417330861091614
1.297262191772461
0.7067866921424866
0.3280697166919708
0.20946843922138214
-3.808109998703003
-1.773430347442627
-0.05935326963663101
-2.558985471725464
-4.16536283493042
-0.6555227637290955
0.014816110022366047
0.23229441046714783
0.005441737826913595
0.7986520528793335
0.053235769271850586
0.1409178227186203
-0.09967274963855743
0.4024944007396698
0.5622016191482544
0.5050223469734192
-0.13030126690864563
-0.14005662500858307
-3.873445987701416
0.2812037169933319
0.2740357220172882
0.992152988910675
3.5925240516662598
-3.080789089202881
-0.06209282577037811
-0.04030988737940788
0.12081405520439148
0.04245411232113838
-0.004561442416161299
-2.0202465057373047
-3.476728916168213
-7.151768207550049
0.23433440923690796
0.08505689352750778
0.04495353624224663
0.002650580834597349
1.0768145322799683
0.6611671447753906
-4.135502338409424
0.03621860221028328
-1.6260871887207031
-0.27404871582984924
-0.013056169264018536
0.062201015651226044
0.07042372971773148
-0.11658354848623276
-0.09226515889167786
0.1018504649400711
0.11156463623046875
-0.06482473760843277
-0.052258167415857315
0.2972988486289978
0.17204086482524872
-0.1985313594341278
-4.838964462280273
0.1965823471546173
0.2821718454360962
0.7681819200515747
2.1598565578460693
1.4795193672180176
-0.008575735613703728
0.007562426384538412
-4.915876388549805
0.012157072313129902
0.009237335063517094
-0.04106251150369644
-0.001122195739299059
-3.9060802459716797
-10.243206024169922
-4.805598258972168
-0.06309256702661514
-0.08194759488105774
1.3335611820220947
0.7739178538322449
0.19729585945606232
0.5375085473060608
-3.587068557739258
-1.1952588558197021
-0.1697607785463333
0.0935266762971878
0.18627923727035522
-8.34210205078125
-0.593022882938385
-0.15230624377727509
0.03753850236535072
0.16750741004943848
0.18856973946094513
0.11666397005319595
0.17660734057426453
-2.8957276344299316
0.8621417284011841
0.6432048082351685
0.12779149413108826
-0.003941126633435488
-2.2298641204833984
-0.1911645531654358
-0.009455239400267601
-3.2297375202178955
-5.401836395263672
-0.0054044220596551895
-0.23691709339618683
-0.821427047252655
-0.3378278315067291
-0.049887869507074356
0.20083323121070862
-2.7531564235687256
-1.3455414772033691
-0.12221824377775192
0.3059210181236267
-0.6029438376426697
0.4078904986381531
0.17213822901248932
0.7648310661315918
0.8374093770980835
0.0017825510585680604
-0.008194763213396072
0.05516909807920456
-3.798966407775879
0.008114028722047806
0.01084615383297205
-1.3998655080795288
-1.6998794078826904
-8.73531723022461
-0.020530281588435173
-2.813328981399536
-0.057542767375707626
1.1420574188232422
0.3541714549064636
-0.6853641867637634
-0.9497687220573425
-2.5696141719818115
-6.776517868041992
0.051205411553382874
0.0833040103316307
0.2547515034675598
-1.120713233947754
0.08242598921060562
0.048892948776483536
0.08728466182947159
0.19539281725883484
0.42186397314071655
0.32807502150535583
0.36525097489356995
0.11833242326974869
-3.22282075881958
-0.02444206364452839
0.15657322108745575
-0.2471591830253601
0.8430286049842834
1.9495371580123901
-0.02566787600517273
0.04272179678082466
0.16441559791564941
-0.04422996938228607
-1.83500075340271
0.0751945972442627
0.08541710674762726
-7.327348232269287
0.030384564772248268
0.004720489960163832
-6.108364582061768
-2.410609006881714
0.8120914697647095
0.5736696720123291
-0.17364676296710968
0.4193740487098694
-1.4007264375686646
-1.6498544216156006
-5.345461845397949
0.249845951795578
0.22658973932266235
0.07293721288442612
-3.60258150100708
-4.119386672973633
0.16493159532546997
0.20289434492588043
0.04971351847052574
0.31934040784835815
0.30932527780532837
0.07295413315296173
0.507477343082428
0.6593382358551025
-0.43241095542907715
-2.7094526290893555
-4.82948112487793
-3.305849313735962
0.016486331820487976
-0.11010928452014923
-0.09439253062009811
-0.006008061580359936
0.04544166848063469
-0.007195528596639633
-0.042470164597034454
0.05303921550512314
0.16040678322315216
-0.014206896536052227
0.058180805295705795
0.02766517363488674
-1.260105013847351
-5.336879730224609
0.48622018098831177
1.1425724029541016
0.8298282623291016
3.149200439453125
-0.02943704091012478
0.09735109657049179
0.034763533622026443
0.027726300060749054
0.005085722543299198
-0.20669147372245789
-0.02640197053551674
-0.04716945439577103
0.014763427898287773
-7.3630452156066895
-7.660567283630371
-0.01942000910639763
1.6394598484039307
0.9664732217788696
1.1330478191375732
-1.0273411273956299
-9.079774856567383
-1.454588532447815
0.07897216826677322
-2.0136325359344482
0.1955842822790146
-0.07293762266635895
-0.058321256190538406
0.08510717004537582
0.32510966062545776
0.1524607539176941
0.26770126819610596
0.07573379576206207
-0.13783904910087585
-0.04064597561955452
-0.19136343896389008
-0.7535844445228577
0.7085981369018555
2.8616135120391846
-5.644581317901611
-4.447572231292725
0.01469963975250721
0.3852526843547821
-0.5518084168434143
-0.012776300311088562
0.004235005471855402
-0.05941913649439812
0.09714549034833908
-0.43808043003082275
0.14501254260540009
-0.09922031313180923
-0.11949650198221207
-0.09345290809869766
0.4288257956504822
-2.944734573364258
0.48004183173179626
-0.01937560737133026
-0.06264930218458176
-0.31950926780700684
-0.8026502132415771
-0.0734887421131134
-0.11811099201440811
-4.487083060666919e-06
-0.07500097900629044
0.001076834974810481
0.0070508490316569805
-0.08753076195716858
-0.06140609458088875
-0.16418330371379852
-0.08042139559984207
-0.016182638704776764
0.16072401404380798
0.1079571321606636
-1.3056892156600952
4.79024076461792
-1.6147664785385132
-1.3037481307983398
-2.2728493213653564
4.466092586517334
-3.1646907329559326
6.953545093536377
4.7232584953308105
5.775573253631592
5.3259735107421875
-3.6843860149383545
4.675521373748779
3.099393129348755
-4.77527379989624
4.231969356536865
-1.558410406112671
-2.002333402633667
1.192794919013977
